timestamps,index
1746692656.1374,2
1746692656.2003,17646
1746692656.3006,48530
1746692656.4007,84879
1746692656.50015,118423
1746692656.6,154733
1746692656.7003,190471
1746692656.8,225945
1746692656.9003,260873
1746692657.00005,297887
1746692657.10015,332142
1746692657.20005,367991
1746692657.3003,404569
1746692657.40005,437909
1746692657.5,475153
1746692657.60005,509632
1746692657.70075,547575
1746692657.8009,581946
1746692657.9,619874
1746692658.00065,656772
1746692658.1002,690040
1746692658.201,727120
1746692658.3001,759039
1746692658.4001,796234
1746692658.5,833082
1746692658.6001,868242
1746692658.70045,905579
1746692658.8,941501
1746692658.90005,979329
1746692659.0,1014480
1746692659.10005,1048825
1746692659.2,1084679
1746692659.3,1123006
1746692659.40005,1158159
1746692659.5001,1197428
1746692659.60085,1236947
1746692659.70045,1273690
1746692659.8002,1311505
1746692659.9002,1347655
1746692660.0001,1385773
1746692660.10005,1422220
1746692660.20005,1459231
1746692660.30025,1493356
1746692660.4,1530302
1746692660.5,1567711
1746692660.6009,1604736
1746692660.70005,1639442
1746692660.8005,1677631
1746692660.9001,1713195
1746692661.00075,1751396
1746692661.10015,1789495
1746692661.2001,1824269
1746692661.30015,1860916
1746692661.4001,1896971
1746692661.50005,1931672
1746692661.60025,1970243
1746692661.70005,2004832
1746692661.80005,2043487
1746692661.9,2078571
1746692662.00075,2116558
1746692662.1001,2152710
1746692662.20085,2189651
1746692662.30005,2224922
1746692662.4001,2263980
1746692662.5,2300818
1746692662.6001,2339484
1746692662.7,2374995
1746692662.80005,2411993
1746692662.9,2448336
1746692663.00015,2484779
1746692663.1002,2520343
1746692663.2008,2555423
1746692663.3001,2593225
1746692663.40015,2629784
1746692663.5001,2668177
1746692663.60015,2703559
1746692663.7001,2741471
1746692663.80025,2778498
1746692663.9002,2817929
1746692664.00015,2854672
1746692664.10015,2893627
1746692664.2002,2928999
1746692664.3,2965357
1746692664.4,3002104
1746692664.50005,3040485
1746692664.6001,3075685
1746692664.7001,3112118
1746692664.8001,3147390
1746692664.9,3184714
1746692665.0,3221262
1746692665.10005,3258474
1746692665.2001,3296099
1746692665.3001,3331751
1746692665.4,3368000
1746692665.50005,3404069
1746692665.6001,3440425
1746692665.7001,3478512
1746692665.8008,3515254
1746692665.9,3552071
1746692666.00045,3586063
1746692666.1002,3623111
